LOGNAME= 1stfit.log
NCORES= 4

INSET= recentered-s30cl.fits
BOX= 
OUTSET=  1stfit.fits
OUTCUBUP=  10000000

OKAY= 
TEXTLOG= 
PROGRESSLOG=progress1.txt

BMIN= 16.100000
BMAJ= 37.900000
BPA= 0.0
RMS= 0.00060999999

NUR= 8.00000
RADI=0.0   18.9500       37.9000       56.8500       75.8000       94.7500        113.70000
VROT= 0.0        36.725000        73.450000        92.490000        100.30000 
Z0= 2.6909954
SBR= 0.0    0.00012639096    0.00012639096    0.00010003999    6.7393763e-05    3.6162507e-05    2.6300005e-05 
INCL= 43.670000
PA= 286.17000
XPOS= 2.26871
YPOS= 25.6181
VSYS= 4339.5000
SDIS= 8.
AZ1W= +1.80000E+02 
VROT_2= 0.0        36.725000        73.450000        92.490000        100.30000 
Z0_2= 2.6909954
SBR_2= 0.0    0.00012639096    0.00012639096    0.00010003999    6.7393763e-05    3.6162507e-05    2.6300005e-05 
INCL_2= 43.670000
PA_2= 286.17000
XPOS_2= 2.26871
YPOS_2= 25.6181
VSYS_2= 4339.5000
SDIS_2= 8.
AZ1P_2= +1.80000E+02
AZ1W_2= +1.80000E+02
CONDISP= +8.00000E+00 
LTYPE= 3
LTYPE_2= 3
CFLUX= 1e-5
CFLUX_2= 1e-5
PENALTY= 1
WEIGHT= 0
RADSEP= 0.1
MEMMODE= 3
INIMODE= 0
ISEED2= 

FITMODE= 1
LOOPS= 10
MAXITER= 

ANSTART= 1
ANEND= 1
ANSTEPS= 1
ISEED= 8981
REGPARA=

VARY=  XPOS 1:8 XPOS_2 1:8,  YPOS 1:8 YPOS_2 1:8, VSYS 1:8 VSYS_2 1:8, PA 1:8 PA_2 1:8, INCL 1:8 INCL_2 1:8, !SBR 2:8, !SBR_2 2:8, VROT 2:8, VROT_2 2:8, Z0 1:8  Z0_2 1:8 
VARINDX= 
PARMAX=		       360		     360		 5000		   360			 90	    1	        1	500	    500                30
PARMIN=       	         0         	       0         	    0    	  -360         		 90	    0	    	0	  0	      0		        0
MODERATE=     		 3 		       3 	  	    3       	     3 	       		  3 	    3	    	3	  3	      3			3
DELSTART=  	      1E-3      	    1E-3 	  	    5 	  	     1	    		  1	  5E-5	     5E-5	 16	     16  		1
DELEND=	   	      1E-5      	    1E-5 		  0.1 		   0.1	    		0.1	  1E-6	     1E-6	  8	      8 	      0.1
ITESTART=    	        70        	      70 	 	   70 	 	    70	      		 70	    70	       70	 70	     70		       70
ITEEND=      		70        	      70 	 	   70 	 	    70	      		 70	    70	       70	 70	     70		       70   
SATDELT=   	      1E-4      	    1E-4 		  0.5 		     3 	    		  3	  1E-4	     1E-4 	 12	     12		        3
MINDELTA=  	      1E-5      	    1E-5  		  0.1    	   0.1	    		0.1	  1E-6	     1E-6	  8	      8		      0.1	
TABLE= 
DISTANCE= 76.650000
REFRING= 5
BIGTABLE= 
FRACTION= 

TIRDEF= 1stfit.def
TIRSMO= 
TIRACC= 5
TIRLEN= 3

HISNAME= 
HISTARTROW= 
HISTENDROW= 
HISKEY1= 
HISRING1= 
HISMIN1= 
HISMAX1= 
HISBINS1= 
HISDELTA1= 
HISKEY2= 
HISRING2= 
HISMIN2= 
HISMAX2= 
HISBINS2= 
HISDELTA2= 

COOLGAL= 
COOLBEAM= 

RECT= 
BIGRECT= 

TILT= 
BIGTILT= 

INCLINO= 
IN_REFINE= 5

GR_DEVICE= 1stfit.ps/vcps
GR_MR= 3
GR_ML= 4.5
GR_TXHT= 1.0
GR_SBHT= 0.3
GR_LGND= 1
GR_SBRP= 1
GR_PARMS= RADI VROT INCL PA SBR   Z0 
GR_XMIN= 
GR_XMAX= 

GR_COL_1= 1
GR_LINES_1= 1
GR_ERRB_1= 0
GR_YMIN_1= 
GR_YMAX_1= 
GR_NPAD_1= 
GR_XPAD_1= 
GR_YPAD_1= 
GR_ERAD_1= 0
GR_EBAD_1= 0
GR_COAD_1= 
GR_LIAD_1= 

GR_COL_2= 1
GR_LINES_2= 1
GR_ERRB_2= 0
GR_YMIN_2= 
GR_YMAX_2= 
GR_NPAD_2= 
GR_XPAD_2= 
GR_YPAD_2= 
GR_ERAD_2= 
GR_EBAD_2= 
GR_COAD_2= 
GR_LIAD_2= 

GR_COL_3= 1
GR_LINES_3= 1
GR_ERRB_3= 0
GR_YMIN_3= 
GR_YMAX_3= 
GR_NPAD_3= 
GR_XPAD_3= 
GR_YPAD_3= 
GR_ERAD_3= 
GR_EBAD_3= 
GR_COAD_3= 
GR_LIAD_3= 

GR_COL_4= 
GR_LINES_4= 
GR_ERRB_4= 
GR_YMIN_4= 
GR_YMAX_4= 
GR_NPAD_4= 
GR_XPAD_4= 
GR_YPAD_4= 
GR_ERAD_4= 
GR_EBAD_4= 
GR_COAD_4= 
GR_LIAD_4= 

GR_COL_5= 
GR_LINES_5= 
GR_ERRB_5= 
GR_YMIN_5= 
GR_YMAX_5= 
GR_NPAD_5= 
GR_XPAD_5= 
GR_YPAD_5= 
GR_ERAD_5= 
GR_EBAD_5= 
GR_COAD_5= 
GR_LIAD_5= 

GR_COL_6= 
GR_LINES_6= 
GR_ERRB_6= 
GR_YMIN_6= 
GR_YMAX_6= 
GR_NPAD_6= 
GR_XPAD_6= 
GR_YPAD_6= 
GR_ERAD_6= 
GR_EBAD_6= 
GR_COAD_6= 
GR_LIAD_6= 
GR_CONT=
